-1441.93
-1458.95
-1475.97
-1486.18
-1510.01
-1520.22
-1544.05
-1565.73
-1579.57
-1599.77
-1618.68
-1635.7
-1652.72
-1669.75
-1686.77
-1703.79
-1720.81
-1737.83
-1754.85
-1768.67
-1782.25
-1803.67
-1824.49
-1848.14
-1865.16
-1882.18
-1899.2
-1916.23
-1933.25
-1950.27
-1967.29
-1977.68
-2001.33
-2005.66
-2026.94
-2044.2
-2061.22
-2075.83
-2093.32
-2112.28
-2127.1
-2144.12
-2158.8
-2177.36
-2194.38
-2213.87
-2228.42
-2224.62
-2264.39
-2281.95
-2298.97
-2315.45
-2331.34
-2326.75
-2367.12
-2388.18
-2398.44
-2416.25
-2436.04
-2453.06
